0.999999 0.000659639 -0.00106399 -0.00523359 -0.000660122 1 -0.000453702 0.00200315 0.00106369 0.000454404 0.999999 0.0148132
0.99404 -0.108969 -0.00307907 -0.0414822 0.108968 0.994045 -0.000469085 0.969788 0.00311185 0.000130768 0.999995 0.00527595
0.99999 -0.00452318 -0.000152965 -0.627481 0.0045228 0.999987 -0.00241566 5.58799 0.00016389 0.00241494 0.999997 -0.00364343
0.999924 0.0122454 -0.00129967 -0.934316 -0.0122553 0.999893 -0.00793614 10.632 0.00120235 0.00795147 0.999968 0.0552301
0.998869 0.047277 -0.00503118 -0.998918 -0.0472911 0.998877 -0.00272317 13.4312 0.00489679 0.00295802 0.999984 0.108583
0.997747 0.0663838 0.00971015 -1.00062 -0.0663482 0.997789 -0.00394961 14.4188 -0.00995087 0.00329646 0.999945 0.124358
0.996643 0.081769 -0.00396607 -0.964706 -0.0817988 0.996616 -0.00804254 16.1463 0.00329502 0.00833997 0.99996 0.15374
0.989732 0.142844 -0.00520819 -0.854994 -0.142899 0.989658 -0.0125123 20.5748 0.00336701 0.0131281 0.999908 0.241383
0.962111 0.271649 -0.0234272 -0.504369 -0.271892 0.962295 -0.00787298 23.2685 0.0204052 0.0139443 0.999695 0.296173
0.914561 0.403741 -0.0239162 -0.355087 -0.404162 0.91454 -0.0164443 24.1396 0.0152331 0.0247053 0.999579 0.304679
0.880271 0.474468 -0.00139265 0.324753 -0.474413 0.880115 -0.0181903 25.7618 -0.00740503 0.0166731 0.999834 0.353507
0.936961 0.349415 -0.00362364 0.909777 -0.349428 0.936838 -0.0153263 27.0972 -0.00196046 0.0156263 0.999876 0.40788
0.984128 0.177445 0.00212108 1.39451 -0.177383 0.98399 -0.0172906 28.6449 -0.00515524 0.0166399 0.999848 0.422231
0.991372 0.131073 0.00111684 1.49805 -0.131001 0.99105 -0.0256644 30.0519 -0.00447075 0.0252966 0.99967 0.459714
0.998787 0.0491982 0.00216191 1.73928 -0.0491119 0.998347 -0.0298688 32.6932 -0.00362783 0.0297264 0.999551 0.549203
0.999529 -0.0306868 0.000771503 1.67175 0.0306963 0.999109 -0.0289695 33.7131 0.000118167 0.0289795 0.99958 0.585801
0.989319 0.145724 0.00359183 1.58403 -0.145551 0.988889 -0.0302242 34.2336 -0.00795631 0.0293786 0.999537 0.605278
0.98577 0.16802 0.00513736 1.82998 -0.167754 0.985247 -0.0338786 36.472 -0.0107538 0.0325347 0.999413 0.701199
0.998069 0.0620842 0.0019813 1.94201 -0.0619779 0.99747 -0.034809 39.2448 -0.00413737 0.034619 0.999392 0.823261
0.984585 0.174901 0.00140772 2.08235 -0.174717 0.983863 -0.0385695 42.9899 -0.00813083 0.037729 0.999255 0.98685
0.997322 0.0731055 -0.00230762 2.22055 -0.0731383 0.996464 -0.0413573 43.9805 -0.000723986 0.0414153 0.999142 1.03994
0.997816 0.0659795 -0.00311216 2.28303 -0.0660483 0.997194 -0.0352272 46.632 0.000779153 0.0353558 0.999374 1.16202
0.988169 0.153344 0.00268343 2.41995 -0.153064 0.987162 -0.0456395 50.5422 -0.00964755 0.0446888 0.998954 1.35391
0.998889 0.0471224 -0.000983243 2.55501 -0.047127 0.998231 -0.0362563 52.4924 -0.000726977 0.0362623 0.999342 1.44577
0.997752 0.0670062 -0.00144507 2.67511 -0.067012 0.997005 -0.0386178 57.2472 -0.00114689 0.0386278 0.999253 1.66535
0.991387 0.130963 -0.000196458 2.78676 -0.130877 0.990678 -0.0377871 62.2607 -0.00475408 0.0374873 0.999286 1.89513
0.999042 0.043753 0.000179056 2.95839 -0.0437113 0.998252 -0.0397655 65.391 -0.0019186 0.0397196 0.999209 2.04414
0.989984 0.141164 0.00191773 2.95855 -0.140752 0.987965 -0.0641415 68.0277 -0.0109491 0.0632291 0.997939 2.15794
0.981159 0.193179 0.0030878 3.07888 -0.192853 0.980214 -0.0445895 69.4699 -0.0116405 0.0431539 0.999001 2.2378
0.997081 0.0761531 0.0055525 3.26653 -0.0758374 0.996152 -0.0439388 70.5054 -0.0088772 0.0433894 0.999019 2.28926
0.999877 0.0157105 -0.000191938 3.19187 -0.0157086 0.999369 -0.0318514 72.3542 -0.000308583 0.0318505 0.999493 2.37073
0.987597 0.156987 -0.00253429 3.15104 -0.156977 0.986952 -0.0358355 74.4932 -0.00312449 0.0357889 0.999354 2.45353
0.992955 0.118486 -0.000888853 3.40048 -0.11845 0.992411 -0.0330126 76.6736 -0.0030294 0.0328853 0.999455 2.55901
0.997335 0.0729508 0.000942244 3.44461 -0.0728716 0.996711 -0.0354538 79.783 -0.00352552 0.0352906 0.999371 2.67912
0.998228 0.0591874 0.00617067 3.56659 -0.058951 0.997707 -0.033246 82.6549 -0.00812426 0.0328233 0.999428 2.80802
0.996086 0.0883902 -0.000349445 3.53782 -0.0883352 0.995311 -0.0394152 85.0919 -0.00313611 0.0392918 0.999223 2.91954
0.999001 0.0435378 0.0100582 3.57779 -0.0432488 0.99869 -0.0273577 88.2285 -0.0112361 0.0268954 0.999575 3.0483
0.996425 0.0831147 0.0151563 3.55286 -0.0825716 0.996022 -0.033495 90.1516 -0.0178799 0.0321237 0.999324 3.12833
0.984638 0.174084 0.0134919 3.7101 -0.173665 0.984415 -0.0277139 93.2328 -0.0181062 0.0249451 0.999525 3.23835
0.999943 -0.00262962 0.010394 3.85738 0.00292124 0.9996 -0.0281417 94.3964 -0.0103158 0.0281705 0.99955 3.28754
0.997791 0.0653636 0.011898 3.73697 -0.0649452 0.997353 -0.0326876 95.6673 -0.0140031 0.0318426 0.999395 3.32729
0.988232 0.152565 0.0110121 3.83127 -0.152216 0.987963 -0.0275383 97.7655 -0.0150809 0.025538 0.99956 3.4042
0.992454 0.122534 0.00461656 4.06774 -0.122318 0.991945 -0.0329289 101.668 -0.00861428 0.0321157 0.999447 3.54224
0.99834 0.0571576 0.00710277 4.34294 -0.0569041 0.997871 -0.0318627 104.838 -0.00890885 0.0314057 0.999467 3.65561
0.99717 0.0748777 0.00672227 4.2825 -0.0746873 0.99689 -0.0251263 106.274 -0.00858276 0.0245531 0.999662 3.71936
0.978842 0.204372 0.0100742 4.40471 -0.204074 0.978641 -0.0248 108.974 -0.0149274 0.0222194 0.999642 3.80667
0.998162 0.0604071 0.00492346 4.61351 -0.0602821 0.997928 -0.0224779 110.793 -0.00627109 0.0221397 0.999735 3.86506
0.998414 0.0559479 0.00629593 4.69982 -0.0558243 0.998272 -0.0183507 114.597 -0.00731173 0.0179702 0.999812 3.98453
0.99216 0.124708 0.00815436 4.68725 -0.124509 0.991983 -0.0215963 118.082 -0.0107822 0.0204117 0.999734 4.08247
0.991819 0.127347 0.0087917 4.93375 -0.127131 0.991645 -0.02186 121.994 -0.011502 0.0205635 0.999722 4.19878
0.993159 0.116067 0.0128189 5.05935 -0.115871 0.99315 -0.0150608 126.01 -0.0144791 0.0134725 0.999804 4.30123
0.999389 0.0315616 0.0149976 5.22078 -0.0313988 0.999447 -0.01097 128.364 -0.0153355 0.0104924 0.999827 4.36509
0.999754 0.0187253 0.0119253 5.18046 -0.0189358 0.999663 0.0177847 130.484 -0.0115882 -0.0180061 0.999771 4.42043
0.989789 -0.141799 0.0145506 5.20497 0.141922 0.989847 -0.00780213 130.983 -0.0132966 0.00978751 0.999864 4.42857
0.969429 -0.24507 0.0121728 4.56311 0.245143 0.969475 -0.00490356 133.328 -0.0105995 0.00773771 0.999914 4.45357
0.931661 -0.363219 0.00894556 4.17294 0.36325 0.931689 -0.00215195 134.679 -0.00755285 0.00525437 0.999958 4.46866
0.944186 -0.329243 0.0105988 2.60368 0.329235 0.944245 0.00247032 138.312 -0.0108212 0.00115705 0.999941 4.51924
0.872171 -0.489119 0.00890049 2.39802 0.489137 0.872207 0.000202366 138.917 -0.00786205 0.00417706 0.99996 4.52939
0.810111 -0.586243 0.00625556 1.30572 0.586186 0.810127 0.00892707 140.532 -0.0103012 -0.00356499 0.999941 4.54863
0.685598 -0.727968 0.00432613 1.08077 0.727929 0.685608 0.00782667 140.91 -0.00866359 -0.00221683 0.99996 4.54908
0.669383 -0.742907 0.00392761 0.0794039 0.742852 0.669385 0.00971143 141.677 -0.00984377 -0.00358303 0.999945 4.54989
0.606388 -0.795169 0.000315092 -1.34896 0.795088 0.606332 0.0139946 142.895 -0.0113191 -0.00823561 0.999902 4.5551
0.471457 -0.881889 -0.00018182 -1.97524 0.881822 0.471418 0.012453 143.33 -0.0108964 -0.00603138 0.999922 4.55269
0.418721 -0.908104 -0.00448123 -4.25702 0.907987 0.418574 0.0188553 144.482 -0.0152468 -0.011964 0.999812 4.55348
0.301918 -0.953326 -0.00381998 -6.04351 0.953171 0.30179 0.019711 145.206 -0.0176381 -0.00959219 0.999798 4.54507
0.215359 -0.976511 -0.00686586 -9.09698 0.976384 0.215197 0.0191089 146 -0.0171825 -0.010819 0.999794 4.5299
0.0538619 -0.998465 -0.0128713 -10.6304 0.998464 0.0536851 0.0137095 146.221 -0.0129975 -0.0135899 0.999823 4.51385
0.143671 -0.989539 -0.0130584 -12.6872 0.989452 0.143387 0.0206184 146.241 -0.0185303 -0.0158829 0.999702 4.51504
0.201334 -0.979463 -0.0107967 -15.8844 0.979381 0.201105 0.0192189 146.651 -0.0166529 -0.0144435 0.999757 4.50181
0.0571538 -0.998244 -0.0155691 -18.0849 0.998227 0.0568791 0.0175481 146.856 -0.0166317 -0.0165444 0.999725 4.48205
0.115382 -0.993278 -0.009266 -23.1021 0.993285 0.115293 0.00957759 146.996 -0.0084449 -0.0103089 0.999911 4.41643
0.251152 -0.967878 -0.0116059 -27.3009 0.967855 0.250945 0.0168052 147.49 -0.0133529 -0.0154535 0.999791 4.39905
0.0992099 -0.994946 -0.0154869 -29.1344 0.994956 0.0989544 0.0164735 147.876 -0.0148578 -0.0170431 0.999744 4.38077
0.190977 -0.981484 -0.014756 -31.1653 0.981486 0.190711 0.0177119 147.952 -0.0145698 -0.0178653 0.999734 4.35879
0.157988 -0.987373 -0.0116031 -34.3327 0.987347 0.1578 0.0156871 148.421 -0.013658 -0.0139346 0.99981 4.33215
0.13201 -0.991189 -0.0108533 -35.932 0.991206 0.131895 0.0106638 148.488 -0.00913839 -0.0121656 0.999884 4.31694
0.342043 -0.939653 -0.00772671 -36.3547 0.939663 0.341967 0.0096261 148.449 -0.00640291 -0.010553 0.999924 4.30744
0.504469 -0.863422 -0.00373838 -36.6541 0.863411 0.504424 0.00886415 148.457 -0.00576778 -0.00769944 0.999954 4.31019
0.648891 -0.76088 -0.00138661 -37.1273 0.760851 0.648849 0.010075 148.609 -0.0067662 -0.00759262 0.999948 4.31172
0.498565 -0.866822 -0.00726821 -37.847 0.866825 0.498465 0.0121071 149.159 -0.00687172 -0.0123364 0.9999 4.3087
0.302996 -0.952887 -0.014172 -38.235 0.952957 0.302824 0.0130361 149.429 -0.00813032 -0.0174552 0.999815 4.31152
0.110883 -0.993669 -0.0180982 -38.636 0.993789 0.110688 0.0114395 149.621 -0.00936382 -0.0192542 0.999771 4.30338
0.0107038 -0.9998 -0.0168647 -39.9593 0.999888 0.0105251 0.0106492 149.656 -0.0104695 -0.0169768 0.999801 4.2877
0.149822 -0.988591 -0.0155553 -42.1006 0.988639 0.149601 0.0145565 149.599 -0.0120634 -0.0175595 0.999773 4.27395
0.10829 -0.994016 -0.0143571 -44.4496 0.99387 0.107928 0.0239395 149.898 -0.0222467 -0.0168615 0.99961 4.25036
0.0952883 -0.99532 -0.0160719 -46.2884 0.995174 0.0948692 0.0250865 149.932 -0.0234443 -0.0183848 0.999556 4.22836
0.187157 -0.982252 -0.0123561 -50.8643 0.982034 0.186777 0.0268992 150.35 -0.024114 -0.0171685 0.999562 4.17857
0.194932 -0.980754 -0.0111165 -53.2629 0.980424 0.19452 0.0305165 150.66 -0.0277668 -0.0168475 0.999472 4.16661
0.331835 -0.943283 -0.0101371 -56.8827 0.942948 0.33137 0.0322881 151.326 -0.0270977 -0.0202731 0.999427 4.10513
0.299391 -0.954062 -0.0114483 -60.3747 0.95371 0.298881 0.0332689 152.457 -0.0283189 -0.0208788 0.999381 4.05997
0.12075 -0.992583 -0.0141025 -61.1393 0.992227 0.120252 0.0320148 152.661 -0.0300815 -0.0178587 0.999388 4.04579
0.220917 -0.975117 -0.018508 -66.2248 0.974845 0.220201 0.034484 153.124 -0.0295505 -0.0256606 0.999234 3.97904
0.131322 -0.991092 -0.022142 -69.2732 0.990834 0.130509 0.0348673 153.616 -0.031667 -0.0265179 0.999147 3.91669
-0.041032 -0.998841 -0.0251474 -70.002 0.998566 -0.0418609 0.0333723 153.696 -0.0343864 -0.023742 0.999127 3.89227
0.0643434 -0.9977 -0.0213048 -72.8298 0.997398 0.0635988 0.0339559 153.482 -0.0325228 -0.0234342 0.999196 3.84689
-0.0059517 -0.999747 -0.0216737 -75.2328 0.999379 -0.00669941 0.034591 153.576 -0.0347274 -0.0214543 0.999167 3.80421
0.0728492 -0.997133 -0.0204569 -76.6943 0.996805 0.0721208 0.034337 153.409 -0.0327632 -0.022893 0.999201 3.77516
0.189874 -0.981658 -0.0171973 -77.564 0.98128 0.189168 0.0361122 153.44 -0.0321966 -0.0237321 0.9992 3.76971
0.047782 -0.998613 -0.022107 -80.5013 0.998171 0.0469171 0.0381148 153.753 -0.0370248 -0.0238878 0.999029 3.71548
0.00626769 -0.999755 -0.0212236 -82.9655 0.999328 0.00549569 0.0362397 153.585 -0.0361142 -0.0214364 0.999118 3.66054
0.164718 -0.986191 -0.0171709 -84.8845 0.985825 0.164044 0.0351815 153.521 -0.0318789 -0.0227226 0.999233 3.61749
0.180917 -0.983353 -0.0169126 -88.7261 0.983065 0.1803 0.0327934 154.086 -0.0291982 -0.022559 0.999319 3.54582
0.144239 -0.988863 -0.0366856 -91.6357 0.989273 0.143235 0.0286646 154.374 -0.0230907 -0.0404266 0.998916 3.48782
0.225506 -0.974046 -0.0195509 -95.2468 0.974076 0.225051 0.0229814 154.763 -0.017985 -0.0242265 0.999545 3.41205
0.234309 -0.971936 -0.0209837 -99.0068 0.971888 0.233676 0.0288073 155.535 -0.0230955 -0.0271436 0.999365 3.33367
0.125724 -0.991761 -0.02458 -101.309 0.991781 0.125057 0.0270244 155.777 -0.0237278 -0.0277756 0.999333 3.26907
0.0900878 -0.995565 -0.0271052 -104.993 0.995691 0.0894309 0.0245445 156.13 -0.0220116 -0.0291995 0.999331 3.16594
0.210555 -0.977383 -0.0197303 -107.985 0.977358 0.210031 0.0256771 156.328 -0.0209523 -0.0246899 0.999476 3.07778
0.258164 -0.965882 -0.0205977 -111.512 0.965892 0.257606 0.0262925 157.038 -0.0200894 -0.0266829 0.999442 3.00143
0.0876314 -0.995791 -0.0268497 -112.311 0.995849 0.0869069 0.027058 157.197 -0.0246107 -0.0291094 0.999273 2.97544
0.196154 -0.980216 -0.0264451 -116.552 0.980318 0.195416 0.0280939 157.346 -0.0223703 -0.0314353 0.999255 2.86452
0.083233 -0.996186 -0.0261817 -118.147 0.996204 0.0825048 0.0277611 157.58 -0.0254951 -0.028393 0.999272 2.82384
0.182992 -0.982747 -0.0268815 -122.946 0.982952 0.182396 0.0231893 157.782 -0.0178862 -0.0306667 0.99937 2.68951
0.217329 -0.975882 -0.0205671 -125.996 0.975886 0.216795 0.0254108 158.293 -0.0203391 -0.0255936 0.999466 2.60683
0.0512441 -0.998411 -0.0234525 -126.552 0.998423 0.0506777 0.0241367 158.394 -0.0229098 -0.0246524 0.999434 2.59023
0.0916164 -0.995271 -0.0322887 -131.645 0.995651 0.0910048 0.0199327 158.329 -0.0169 -0.0339745 0.99928 2.43345
0.0133878 -0.999265 -0.0359068 -135.32 0.999649 0.0125543 0.0233408 158.569 -0.0228729 -0.0362067 0.999083 2.32223
-0.144029 -0.988666 -0.0423758 -136.652 0.989182 -0.145044 0.0219224 158.482 -0.0278203 -0.03876 0.998861 2.27321
-0.312628 -0.948887 -0.0433202 -137.678 0.9493 -0.313701 0.0205239 158.266 -0.0330645 -0.0347075 0.99885 2.22792
-0.435512 -0.898993 -0.0462629 -140.993 0.899405 -0.436696 0.0191309 156.979 -0.0374014 -0.0332773 0.998746 2.10325
-0.532222 -0.845493 -0.0433722 -144.315 0.845676 -0.533339 0.0195355 154.91 -0.0396492 -0.0262816 0.998868 1.97516
-0.582394 -0.810472 -0.0628667 -145.423 0.811453 -0.584234 0.0146375 154.066 -0.0485922 -0.0424886 0.997915 1.91224
-0.595471 -0.801767 -0.0508373 -147.408 0.802333 -0.59673 0.0132237 152.427 -0.0409385 -0.0329141 0.998619 1.84108
-0.57491 -0.816399 -0.0545086 -150.469 0.817187 -0.576252 0.011793 150.072 -0.0410385 -0.0377639 0.998444 1.72311
-0.705716 -0.706262 -0.056203 -151.445 0.706994 -0.707162 0.00897597 149.26 -0.046084 -0.0334007 0.998379 1.68091
-0.761332 -0.645583 -0.0599741 -154.438 0.646449 -0.762932 0.00623933 145.682 -0.0497842 -0.03402 0.99818 1.54951
-0.857027 -0.511509 -0.0621535 -155.069 0.512334 -0.858781 0.00304271 144.892 -0.0549326 -0.0292357 0.998062 1.50962
-0.933937 -0.352029 -0.0619528 -155.289 0.352753 -0.935716 -0.00080786 144.538 -0.0576859 -0.0226085 0.998079 1.49444
-0.944573 -0.322797 -0.0598638 -156.232 0.323594 -0.946188 -0.003868 141.179 -0.0553939 -0.0230252 0.998199 1.43153
-0.938102 -0.340721 -0.0622386 -157.175 0.341952 -0.939664 -0.0100081 137.791 -0.0550734 -0.0306713 0.998011 1.37796
-0.980433 -0.184069 -0.0697788 -157.6 0.185544 -0.982518 -0.0152292 136.286 -0.0657557 -0.0278783 0.997446 1.3121
-0.982329 -0.177894 -0.0581649 -158.247 0.179699 -0.98334 -0.0273968 131.249 -0.0523221 -0.0373649 0.997931 1.1784
-0.998029 -0.0080482 -0.0622415 -158.401 0.0100266 -0.999452 -0.0315396 130.092 -0.0619536 -0.0321015 0.997563 1.12922
-0.991083 -0.119296 -0.0593583 -158.331 0.121105 -0.992248 -0.0278651 128.957 -0.055574 -0.0348053 0.997848 1.10434
-0.953618 -0.295469 -0.0575456 -158.312 0.297081 -0.954607 -0.0216371 128.436 -0.0485404 -0.0377292 0.998108 1.09013
-0.979003 -0.194404 -0.0613219 -158.633 0.196388 -0.980123 -0.0281187 127.185 -0.0546366 -0.0395712 0.997722 1.03185
-0.99352 -0.0977861 -0.0579294 -158.96 0.0997731 -0.994481 -0.0324568 123.359 -0.0544359 -0.0380263 0.997793 0.92038
-0.982739 -0.176463 -0.0555329 -159.381 0.178174 -0.983615 -0.0274849 118.347 -0.0497729 -0.036905 0.998078 0.741542
-0.987557 -0.146145 -0.0580772 -159.977 0.147985 -0.988572 -0.0287455 113.582 -0.0532125 -0.0369824 0.997898 0.578817
-0.981536 -0.182316 -0.0578656 -160.077 0.184082 -0.982546 -0.0267767 111.546 -0.0519738 -0.0369343 0.997965 0.509581
-0.939826 -0.336232 -0.0606148 -160.207 0.338229 -0.940702 -0.0260985 110.623 -0.0482453 -0.0450297 0.99782 0.479922
-0.977649 -0.201269 -0.0607768 -160.588 0.20337 -0.978624 -0.0305754 109.283 -0.0533238 -0.0422522 0.997683 0.411612
-0.995401 -0.0746158 -0.0600806 -160.92 0.0767718 -0.996455 -0.0344105 106.652 -0.0573 -0.0388648 0.9976 0.30931
-0.982396 -0.178243 -0.0559274 -161.202 0.180393 -0.982933 -0.0360624 101.82 -0.0485451 -0.0455165 0.997783 0.115429
-0.990248 -0.127874 -0.0552909 -161.75 0.129925 -0.990898 -0.0352321 98.069 -0.0502824 -0.0420722 0.997848 -0.05353
-0.998203 -0.019395 -0.0566961 -161.77 0.0218725 -0.998818 -0.04341 96.7171 -0.0557871 -0.0445721 0.997447 -0.112739
-0.982977 -0.175002 -0.0559598 -161.765 0.177364 -0.983315 -0.0404295 95.2042 -0.0479509 -0.0496664 0.997614 -0.174879
-0.988227 -0.142843 -0.0547942 -162.134 0.145111 -0.98861 -0.0399064 92.5848 -0.0484698 -0.0473879 0.9977 -0.293774
-0.991452 -0.119464 -0.0524491 -162.36 0.121493 -0.991889 -0.0373555 88.4192 -0.047561 -0.0434084 0.997925 -0.455277
-0.984868 -0.163887 -0.0563558 -162.76 0.166068 -0.985441 -0.0364474 85.2433 -0.0495621 -0.0452548 0.997745 -0.596971
-0.992514 -0.108558 -0.0559566 -163.046 0.110928 -0.992976 -0.0411547 80.8966 -0.0510959 -0.0470538 0.997585 -0.792551
-0.997302 -0.0460802 -0.0571397 -163.195 0.0487188 -0.997767 -0.0456782 75.8469 -0.0549073 -0.0483388 0.997321 -1.00949
-0.98112 -0.185484 -0.0547613 -163.195 0.187657 -0.981514 -0.0376142 73.8255 -0.0467722 -0.0471804 0.997791 -1.10195
-0.969167 -0.240423 -0.0539604 -163.603 0.242724 -0.969226 -0.0410733 71.6272 -0.0424248 -0.0529043 0.997698 -1.19913
-0.994193 -0.0930395 -0.0540767 -164.078 0.0954222 -0.994495 -0.0432848 68.9304 -0.0497518 -0.0481935 0.997598 -1.33662
-0.993425 -0.0985435 -0.0582828 -164.1 0.101095 -0.993966 -0.0425707 64.4067 -0.053736 -0.0481828 0.997392 -1.54054
-0.982424 -0.175753 -0.0628868 -164.452 0.177514 -0.983836 -0.023563 60.3258 -0.057729 -0.0343122 0.997742 -1.71884
-0.97979 -0.190254 -0.0617734 -164.619 0.193738 -0.979432 -0.0563744 58.9756 -0.0497775 -0.067203 0.996497 -1.79111
-0.977781 -0.202796 -0.0530871 -165.336 0.205011 -0.977933 -0.0402209 54.2319 -0.0437589 -0.0502106 0.99778 -2.03314
-0.987932 -0.14701 -0.0487763 -165.725 0.148916 -0.988118 -0.0380477 51.3357 -0.0426033 -0.0448521 0.998085 -2.17539
-0.998736 0.014163 -0.0482311 -165.852 -0.0120504 -0.998967 -0.0438137 49.9924 -0.0488018 -0.0431772 0.997875 -2.22485
-0.992554 -0.110177 -0.0519433 -165.73 0.112291 -0.992882 -0.0397054 47.231 -0.047199 -0.0452425 0.99786 -2.34267
-0.969231 -0.240819 -0.0509765 -165.962 0.242684 -0.969503 -0.0341812 45.2147 -0.0411904 -0.0455006 0.998115 -2.43286
-0.993935 -0.0969713 -0.0518714 -166.375 0.0990306 -0.994331 -0.0387199 42.4576 -0.0478226 -0.0436219 0.997903 -2.54813
-0.995033 -0.0853844 -0.0511799 -166.375 0.0875253 -0.995312 -0.0411579 40.167 -0.0474257 -0.045433 0.997841 -2.64386
-0.994207 -0.0944514 -0.0513063 -166.497 0.0964541 -0.994609 -0.0380659 37.2368 -0.0474343 -0.0427941 0.997957 -2.77754
-0.990978 -0.121044 -0.0575486 -166.55 0.123452 -0.991532 -0.040302 36.0117 -0.052183 -0.0470429 0.997529 -2.80412
-0.98919 -0.138641 -0.0477597 -166.643 0.140481 -0.989369 -0.0375985 34.7147 -0.0420393 -0.0439014 0.998151 -2.90419
-0.989678 -0.131342 -0.0573285 -167.088 0.134529 -0.989338 -0.055791 29.671 -0.0493895 -0.0629275 0.996795 -3.15322
-0.996349 -0.0198605 -0.0830263 -167.521 0.0243414 -0.998281 -0.0533104 25.4558 -0.0818248 -0.0551367 0.99512 -3.43549
-0.989616 0.117497 -0.0827876 -167.349 -0.113534 -0.99222 -0.0510759 23.7035 -0.0881448 -0.0411463 0.995257 -3.51794
-0.980045 0.181525 -0.0809938 -166.628 -0.180057 -0.983335 -0.0251334 18.992 -0.0842064 -0.0100483 0.996398 -3.64631
-0.928249 0.362917 -0.0815158 -166.573 -0.361738 -0.931819 -0.0293185 18.5381 -0.0865981 0.00227247 0.996241 -3.65545
-0.855598 0.511544 -0.0792187 -166.407 -0.510523 -0.859184 -0.0341881 18.0537 -0.0855522 0.0111917 0.996271 -3.65824
-0.743983 0.663613 -0.0781486 -165.764 -0.662237 -0.747873 -0.0461412 17.0609 -0.0890651 0.0174246 0.995873 -3.6176
-0.614398 0.785486 -0.0743424 -165.241 -0.78474 -0.618139 -0.0456956 16.5117 -0.0818472 0.0302642 0.996185 -3.62106
-0.728394 0.680675 -0.0782536 -164.494 -0.679868 -0.732206 -0.0406749 16.0058 -0.0849841 0.0235747 0.996103 -3.60365
-0.826124 0.558329 -0.0760741 -162.659 -0.557156 -0.829545 -0.0378532 14.0912 -0.0842415 0.0111137 0.996383 -3.54178
-0.907057 0.414112 -0.0758886 -162.113 -0.412947 -0.910221 -0.031189 13.4571 -0.0819911 0.00304773 0.996628 -3.53737
-0.968107 0.239077 -0.0749111 -161.824 -0.237523 -0.970945 -0.0291453 13.0015 -0.0797025 -0.0104227 0.996764 -3.5297
-0.943812 0.32251 -0.0721621 -161.446 -0.320661 -0.946502 -0.0361996 11.5906 -0.0799763 -0.011026 0.996736 -3.54061
-0.869403 0.48905 -0.0704815 -161.374 -0.487522 -0.872255 -0.0386393 11.2458 -0.0803744 0.000768102 0.996764 -3.54891
-0.773024 0.630386 -0.0710447 -161.265 -0.629154 -0.776178 -0.0413958 10.9413 -0.0812386 0.0126981 0.996614 -3.55386
-0.627127 0.775993 -0.0674311 -161.056 -0.775094 -0.630273 -0.0445523 10.6015 -0.0770722 0.0243255 0.996729 -3.54874
-0.484862 0.872478 -0.0607465 -160.839 -0.871625 -0.487766 -0.0485215 10.3592 -0.0719641 0.0294219 0.996973 -3.54448
-0.31694 0.947094 -0.0506093 -160.541 -0.946136 -0.31944 -0.0527652 10.1458 -0.0661402 0.0311599 0.997324 -3.53078
-0.132643 0.990557 -0.0346782 -160.19 -0.988856 -0.134639 -0.0635334 9.968 -0.0676025 0.0258645 0.997377 -3.52925
0.0598432 0.997849 -0.0267765 -159.613 -0.99644 0.0581201 -0.0610679 9.88104 -0.0593802 0.0303357 0.997774 -3.50588
0.186874 0.982056 -0.0253766 -157.058 -0.981264 0.185366 -0.0525491 10.2058 -0.0469022 0.0347212 0.998296 -3.42783
0.344631 0.938532 -0.0196927 -155.38 -0.937672 0.343165 -0.0548503 10.5887 -0.0447209 0.0373684 0.9983 -3.36601
0.37708 0.926046 -0.0157759 -150.795 -0.925159 0.375809 -0.0533707 12.7395 -0.0434951 0.0347203 0.99845 -3.19697
0.226609 0.973767 -0.0206406 -148.245 -0.972777 0.225221 -0.0545964 13.8293 -0.0485154 0.0324507 0.998295 -3.1114
0.0632475 0.997741 -0.0226407 -147.156 -0.996669 0.0619765 -0.0530131 14.1296 -0.0514901 0.0259182 0.998337 -3.07248
-0.115808 0.992896 -0.0273306 -146.112 -0.991759 -0.117106 -0.0519559 14.2597 -0.0547874 0.0210885 0.998275 -3.04055
-0.307035 0.951065 -0.0347041 -145.676 -0.949916 -0.308487 -0.049959 14.3063 -0.05822 0.0176268 0.998148 -3.03505
-0.462057 0.886032 -0.0380981 -144.157 -0.884586 -0.46352 -0.0515533 13.8416 -0.0633371 0.00988041 0.997943 -3.00864
-0.338333 0.940387 -0.0347035 -141.926 -0.938848 -0.339828 -0.0555116 12.8635 -0.0639956 0.0138 0.997855 -2.97883
-0.226938 0.97333 -0.0335869 -138.218 -0.971951 -0.228532 -0.055529 12.1168 -0.0617237 0.0200432 0.997892 -2.91918
-0.250454 0.967516 -0.0344217 -133.261 -0.96629 -0.252011 -0.0526798 11.1109 -0.0596432 0.0200675 0.998018 -2.83717
-0.179379 0.983254 -0.0321556 -128.259 -0.982088 -0.180891 -0.0527404 10.4329 -0.0576739 0.0221191 0.99809 -2.72405
-0.141543 0.98955 -0.0275073 -123.282 -0.988386 -0.14282 -0.0519252 9.84181 -0.0553112 0.0198381 0.998272 -2.6277
-0.166321 0.985592 -0.0307695 -118.267 -0.984513 -0.167731 -0.0509874 9.30799 -0.0554137 0.0218128 0.998225 -2.52883
-0.113061 0.993115 -0.0306485 -113.257 -0.992238 -0.114461 -0.0486034 8.64782 -0.0517769 0.0249155 0.998348 -2.42384
-0.226098 0.973508 -0.0340845 -108.239 -0.972537 -0.22758 -0.0487806 8.14207 -0.0552453 0.0221192 0.998228 -2.32239
-0.104079 0.994087 -0.0309648 -105.426 -0.993134 -0.10555 -0.0504354 7.68012 -0.0534055 0.025503 0.998247 -2.26239
-0.176445 0.983888 -0.0288252 -102.311 -0.982849 -0.177703 -0.0492815 7.52204 -0.0536098 0.0196353 0.998369 -2.19706
-0.101131 0.994402 -0.0306104 -99.6078 -0.993372 -0.10262 -0.0517719 7.12708 -0.0546233 0.0251718 0.99819 -2.1496
0.0725509 0.99702 -0.0262122 -98.1753 -0.996077 0.071097 -0.0526897 7.13403 -0.050669 0.029932 0.998267 -2.11512
0.272277 0.962015 -0.0197976 -97.5969 -0.961176 0.270967 -0.0521398 7.15762 -0.0447948 0.0332255 0.998444 -2.10197
0.365503 0.930684 -0.0153499 -96.334 -0.929803 0.364291 -0.0525171 7.63638 -0.043285 0.0334675 0.998502 -2.06163
0.317025 0.948332 -0.0126811 -92.0365 -0.947687 0.316228 -0.0434535 9.39905 -0.0371983 0.0257936 0.998975 -1.94249
0.205412 0.978469 -0.0200929 -88.9432 -0.978496 0.204937 -0.0233842 10.6003 -0.0187629 0.0244642 0.999525 -1.84299
-0.00701706 0.999631 -0.0262558 -88.5297 -0.999636 -0.00769591 -0.0258443 10.7726 -0.0260368 0.0260649 0.999321 -1.83437
-0.195355 0.980194 -0.0325003 -88.2268 -0.980314 -0.196132 -0.0227267 10.8709 -0.0286509 0.0274207 0.999213 -1.82534
-0.364985 0.930313 -0.0361057 -87.9222 -0.930401 -0.365877 -0.0220772 10.9249 -0.0337489 0.0255349 0.999104 -1.81782
-0.55888 0.828277 -0.0401224 -87.5418 -0.828412 -0.559835 -0.017841 10.8974 -0.0372392 0.0232669 0.999035 -1.80461
-0.69309 0.719742 -0.0399772 -86.78 -0.719766 -0.694023 -0.0163965 10.4786 -0.0395464 0.01741 0.999066 -1.77843
-0.754627 0.654422 -0.047633 -85.012 -0.653179 -0.756129 -0.040322 8.83858 -0.0624043 0.000684743 0.998051 -1.77098
-0.64447 0.763563 -0.0403667 -83.935 -0.762303 -0.645729 -0.0439196 7.78737 -0.0596014 0.00246677 0.998219 -1.7679
-0.508343 0.860325 -0.0377828 -83.2005 -0.859226 -0.509651 -0.0445806 7.29056 -0.0576099 0.00980169 0.998291 -1.76144
-0.346447 0.937448 -0.0341513 -80.4614 -0.936418 -0.347767 -0.0466895 5.87936 -0.0556457 0.0158045 0.998325 -1.73375
-0.202397 0.978833 -0.0303512 -78.2466 -0.977857 -0.203684 -0.048041 5.38741 -0.0532062 0.0199559 0.998384 -1.69674
-0.332993 0.942469 -0.0294634 -73.6781 -0.941334 -0.334084 -0.0477225 4.57764 -0.0548202 0.0118437 0.998426 -1.6244
-0.483103 0.874933 -0.0332093 -72.4853 -0.873597 -0.484212 -0.0486494 4.1906 -0.0586453 0.00550882 0.998264 -1.6165
-0.436299 0.899127 -0.0348428 -70.7561 -0.897796 -0.437584 -0.0498237 3.30449 -0.0600445 0.0095437 0.99815 -1.61411
-0.254743 0.966509 -0.0310828 -69.8351 -0.965297 -0.256072 -0.0512734 2.91841 -0.0575156 0.0169426 0.998201 -1.59833
-0.0863959 0.995844 -0.028807 -69.2636 -0.994827 -0.0877862 -0.0511123 2.77771 -0.0534287 0.0242421 0.998277 -1.58647
-0.185072 0.982141 -0.0338796 -66.6561 -0.981103 -0.186637 -0.0510334 2.64273 -0.0564452 0.0237946 0.998122 -1.54182
-0.112623 0.99315 -0.031141 -64.1231 -0.991989 -0.114185 -0.0540342 2.27445 -0.0572199 0.024806 0.998053 -1.47872
-0.0637208 0.997507 -0.0303379 -59.1178 -0.996353 -0.0653168 -0.0548988 2.02235 -0.0567434 0.0267291 0.998031 -1.3813
-0.0929427 0.995188 -0.0310134 -54.1144 -0.994173 -0.0944662 -0.0519305 1.87009 -0.0546104 0.0260062 0.998169 -1.24863
-0.0332912 0.999031 -0.028801 -49.0602 -0.998078 -0.0347386 -0.0513086 1.8884 -0.0522593 0.0270375 0.998267 -1.13732
-0.111414 0.993384 -0.0278265 -43.9933 -0.992248 -0.11275 -0.0522621 1.71002 -0.0550538 0.0217881 0.998246 -1.02471
-0.039417 0.998613 -0.0349124 -38.9955 -0.997931 -0.041118 -0.0494238 1.68872 -0.0507907 0.032892 0.998168 -0.903135
-0.0263063 0.999263 -0.0279661 -33.9188 -0.998482 -0.0276192 -0.0476459 1.78398 -0.0483832 0.0266703 0.998473 -0.756985
0.0789404 0.996535 -0.0261992 -29.8064 -0.995718 0.0775528 -0.0503166 1.80175 -0.0481104 0.030059 0.99839 -0.643544
0.0240411 0.999328 -0.0276674 -28.3657 -0.998399 0.0225832 -0.0518512 2.00877 -0.0511916 0.0288697 0.998271 -0.593548
-0.0309038 0.999103 -0.0289339 -25.0259 -0.997993 -0.0324443 -0.0543806 2.14623 -0.0552706 0.0271952 0.998101 -0.502872
-0.0110591 0.99957 -0.0271746 -19.9828 -0.99876 -0.0123613 -0.0482307 2.384 -0.0485458 0.0266075 0.998466 -0.38603
-0.0609776 0.99773 -0.0285852 -14.9266 -0.996961 -0.0622714 -0.0468003 2.47133 -0.0484741 0.0256446 0.998495 -0.261638
-0.124118 0.991789 -0.030806 -9.92453 -0.991018 -0.12546 -0.0462901 2.28365 -0.0497749 0.0247839 0.998453 -0.147251
-0.314684 0.94849 -0.0366114 -9.01143 -0.947663 -0.316134 -0.0446621 2.25694 -0.0539357 0.0206408 0.998331 -0.129625
-0.480006 0.876377 -0.0394582 -8.23545 -0.87543 -0.481425 -0.0430397 2.09375 -0.0567151 0.0138836 0.998294 -0.102641
-0.61794 0.784992 -0.0440239 -6.78569 -0.783994 -0.619435 -0.0406707 1.38403 -0.0591961 0.00938241 0.998202 -0.0838648
-0.763465 0.644345 -0.0440463 -5.90528 -0.643393 -0.764733 -0.0350527 0.797627 -0.0562697 0.00157756 0.998414 -0.0808889
-0.870483 0.489986 -0.0466154 -5.62502 -0.489019 -0.87172 -0.0310581 0.606711 -0.0558536 -0.00423972 0.99843 -0.0785669
-0.943621 0.327569 -0.0477373 -5.39139 -0.326714 -0.944794 -0.0249573 0.393989 -0.0532771 -0.00795385 0.998548 -0.078389
-0.983295 0.175714 -0.0474836 -4.95319 -0.174879 -0.984361 -0.0212401 -0.62778 -0.0504732 -0.0125814 0.998646 -0.0786559
-0.958381 0.281812 -0.0456958 -4.62587 -0.280585 -0.959313 -0.0314769 -2.18045 -0.0527071 -0.0173453 0.998459 -0.103322
-0.895732 0.442261 -0.0454817 -4.5605 -0.440987 -0.896809 -0.0355547 -2.53505 -0.0565129 -0.0117906 0.998332 -0.104515
-0.788589 0.613531 -0.0413096 -4.43519 -0.612381 -0.789658 -0.03782 -2.89888 -0.0558242 -0.0045272 0.99843 -0.110804
-0.651204 0.757882 -0.0393415 -4.25778 -0.756839 -0.65238 -0.0399314 -3.19917 -0.055929 0.00377172 0.998428 -0.116255
-0.496115 0.867537 -0.035356 -4.02821 -0.866702 -0.497252 -0.0396019 -3.47103 -0.0519369 0.010996 0.99859 -0.13634
-0.311787 0.949517 -0.0347225 -3.71441 -0.948866 -0.313058 -0.0405913 -3.71119 -0.0494123 0.0202911 0.998572 -0.134651
-0.153618 0.987724 -0.0283454 -3.43564 -0.986862 -0.154811 -0.0462265 -3.84985 -0.0500471 0.0208717 0.998529 -0.120542
0.0154449 0.999649 -0.0215322 -3.10113 -0.998778 0.014413 -0.0472823 -3.95414 -0.0469554 0.0222362 0.998649 -0.117252
0.192094 0.981277 -0.0139555 -2.74903 -0.980313 0.191205 -0.049273 -3.99648 -0.0456821 0.0231458 0.998688 -0.107881
0.349999 0.936724 -0.00694217 -2.34346 -0.93587 0.349339 -0.0459218 -3.97369 -0.0405909 0.0225695 0.998921 -0.0974354
0.428112 0.903718 0.00365104 -0.718889 -0.902464 0.427725 -0.0510851 -3.15995 -0.0477281 0.0185752 0.998688 -0.0660757
0.551292 0.834311 0.00129961 -0.26971 -0.83323 0.550655 -0.0500763 -2.96821 -0.0424949 0.0265238 0.998745 -0.0621326
0.710447 0.703719 0.0066972 0.0638792 -0.702498 0.709719 -0.052874 -2.79624 -0.0419615 0.0328594 0.998579 -0.0502078
0.817694 0.575542 0.0112855 0.311227 -0.574386 0.817038 -0.050295 -2.60745 -0.0381676 0.0346436 0.998671 -0.0446719
0.916092 0.400835 0.0103371 0.581998 -0.400007 0.915377 -0.045609 -2.30739 -0.0277441 0.0376471 0.998906 -0.0468244
0.968986 0.246863 0.0111315 0.907218 -0.24623 0.968347 -0.0409366 -1.56611 -0.0208849 0.0369261 0.9991 -0.0223257
0.998012 0.0621093 0.0106732 1.01836 -0.0617118 0.997507 -0.0342271 -1.15048 -0.0127724 0.0335004 0.999357 -0.0154776
0.992003 0.1257 0.0114165 1.00265 -0.12517 0.991365 -0.0390797 -0.642343 -0.0162303 0.0373381 0.999171 0.00987299
0.986609 0.16291 0.00793869 1.0279 -0.162539 0.986075 -0.0351759 -0.112508 -0.0135587 0.0334146 0.99935 0.0130604
0.999739 0.0216849 0.00722729 1.12615 -0.0214869 0.99942 -0.0264275 0.677591 -0.00779618 0.0262653 0.999625 0.0385561
0.998942 -0.0447675 0.0105579 1.06316 0.0449159 0.998889 -0.0142633 1.53417 -0.00990761 0.0147224 0.999843 0.0421709
