0.999999 0.000659639 -0.00106399 -0.00523359 -0.000660122 1 -0.000453702 0.00200315 0.00106369 0.000454404 0.999999 0.0148132
0.99404 -0.108969 -0.00307907 -0.0414822 0.108968 0.994045 -0.000469085 0.969788 0.00311185 0.000130768 0.999995 0.00527595
0.99999 -0.00452173 -0.000152848 -0.627507 0.00452135 0.999987 -0.00241563 5.58795 0.000163768 0.00241492 0.999997 -0.00364487
0.999924 0.0122497 -0.00129945 -0.934361 -0.0122597 0.999893 -0.00793613 10.6319 0.00120209 0.00795146 0.999968 0.0552271
0.998869 0.047285 -0.00503078 -0.998977 -0.0472991 0.998877 -0.00272317 13.4311 0.00489637 0.00295804 0.999984 0.108578
0.997746 0.0663957 0.00971068 -1.0007 -0.06636 0.997788 -0.00394982 14.4186 -0.00995145 0.00329651 0.999945 0.124352
0.996642 0.0817852 -0.00396545 -0.964789 -0.081815 0.996615 -0.00804263 16.1461 0.00329426 0.00834006 0.99996 0.153733
0.989728 0.142866 -0.00520752 -0.855032 -0.142921 0.989655 -0.0125125 20.5746 0.00336605 0.0131282 0.999908 0.241375
0.962104 0.271675 -0.0234263 -0.504374 -0.271919 0.962288 -0.00787268 23.2682 0.020404 0.0139444 0.999695 0.296164
0.914547 0.403772 -0.0239155 -0.355094 -0.404193 0.914526 -0.0164439 24.1393 0.0152317 0.0247052 0.999579 0.304669
0.880252 0.474504 -0.00139186 0.324775 -0.474448 0.880096 -0.0181908 25.7614 -0.00740666 0.0166729 0.999834 0.353495
0.936945 0.349459 -0.00362261 0.909827 -0.349472 0.936822 -0.0153268 27.0967 -0.00196234 0.0156264 0.999876 0.407867
0.984119 0.177497 0.00212209 1.39461 -0.177435 0.983981 -0.0172916 28.6443 -0.00515731 0.0166404 0.999848 0.422216
0.991364 0.131133 0.00111745 1.49819 -0.131061 0.991042 -0.0256654 30.0513 -0.00447302 0.0252973 0.99967 0.459699
0.998783 0.0492662 0.00216227 1.73956 -0.0491798 0.998343 -0.0298701 32.6925 -0.00363027 0.0297274 0.999551 0.549188
0.999531 -0.0306109 0.000771932 1.67208 0.0306204 0.999111 -0.0289709 33.7124 0.000115578 0.0289809 0.99958 0.585787
0.989307 0.145807 0.00359217 1.58436 -0.145634 0.988877 -0.0302259 34.2329 -0.00795937 0.0293796 0.999537 0.605263
0.985755 0.168111 0.00513738 1.83048 -0.167845 0.985231 -0.0338806 36.4712 -0.0107572 0.0325357 0.999413 0.701184
0.998063 0.0621858 0.0019812 1.94273 -0.0620794 0.997464 -0.0348109 39.244 -0.00414092 0.0346205 0.999392 0.82325
0.984565 0.175011 0.00140719 2.08343 -0.174828 0.983843 -0.0385714 42.989 -0.00813488 0.0377301 0.999255 0.986842
0.997313 0.0732275 -0.00230854 2.22172 -0.0732602 0.996455 -0.0413589 43.9796 -0.00072826 0.0414169 0.999142 1.03993
0.997807 0.0661126 -0.00311233 2.2845 -0.0661813 0.997186 -0.0352288 46.6311 0.0007745 0.0353575 0.999374 1.16202
0.988147 0.153488 0.00268176 2.42191 -0.153208 0.987139 -0.045642 50.5412 -0.00965277 0.0446901 0.998954 1.35391
0.998881 0.04728 -0.000983546 2.55723 -0.0472846 0.998223 -0.0362582 52.4913 -0.000732492 0.0362642 0.999342 1.44577
0.99774 0.0671773 -0.00144576 2.67806 -0.067183 0.996993 -0.0386197 57.2461 -0.00115296 0.0386296 0.999253 1.66536
0.991363 0.131148 -0.000197003 2.79054 -0.131061 0.990654 -0.0377892 62.2595 -0.00476082 0.0374887 0.999286 1.89515
0.999033 0.0439549 0.000178125 2.96273 -0.0439131 0.998244 -0.0397678 65.3898 -0.0019258 0.0397215 0.999209 2.04416
0.989953 0.141381 0.00191145 2.9634 -0.140968 0.987934 -0.0641441 68.0264 -0.0109571 0.0632302 0.997939 2.15796
0.981113 0.19341 0.00308571 3.08402 -0.193083 0.980169 -0.0445924 69.4685 -0.0116491 0.0431544 0.999 2.23783
0.997061 0.0764044 0.00555048 3.27188 -0.0760886 0.996132 -0.0439424 70.5039 -0.00888641 0.0433909 0.999019 2.28929
0.999872 0.01598 -0.000190769 3.19766 -0.0159779 0.999365 -0.0318536 72.3527 -0.00031837 0.0318525 0.999493 2.37076
0.987552 0.157271 -0.00253413 3.15738 -0.15726 0.986907 -0.0358369 74.4917 -0.00313517 0.0357894 0.999354 2.45357
0.992919 0.118789 -0.000887755 3.40743 -0.118754 0.992375 -0.0330144 76.672 -0.00304078 0.0328861 0.999454 2.55905
0.997311 0.0732752 0.000942677 3.45248 -0.0731958 0.996687 -0.0354561 79.7813 -0.00353761 0.0352918 0.999371 2.67916
0.998207 0.059532 0.00617195 3.57537 -0.0592954 0.997687 -0.0332502 82.6531 -0.00813712 0.0328246 0.999428 2.80807
0.996053 0.0887546 -0.000350275 3.54741 -0.0886994 0.995278 -0.039417 85.0901 -0.00314982 0.0392926 0.999223 2.91959
0.998984 0.0439247 0.0100621 3.58851 -0.0436354 0.998673 -0.0273635 88.2266 -0.0112506 0.0268966 0.999575 3.04835
0.996391 0.0835225 0.0151579 3.56429 -0.0829791 0.995988 -0.033503 90.1497 -0.0178954 0.0321243 0.999324 3.12839
0.984563 0.174509 0.0134962 3.72278 -0.174089 0.98434 -0.0277215 93.2308 -0.0181225 0.024944 0.999525 3.2384
0.999944 -0.00217481 0.0103984 3.87053 0.00246678 0.999601 -0.0281482 94.3943 -0.010333 0.0281722 0.99955 3.2876
0.997759 0.0658407 0.0119004 3.75067 -0.0654219 0.997322 -0.0326949 95.6652 -0.0140212 0.0318431 0.999395 3.32735
0.988155 0.153061 0.0110173 3.84595 -0.152712 0.987887 -0.0275454 97.7633 -0.0151 0.0255366 0.99956 3.40426
0.992389 0.123057 0.00461924 4.08435 -0.12284 0.99188 -0.0329328 101.665 -0.00863434 0.0321147 0.999447 3.5423
0.998308 0.0577089 0.00710621 4.36119 -0.0574549 0.997839 -0.0318681 104.835 -0.00892993 0.0314059 0.999467 3.65567
0.997127 0.0754541 0.00672981 4.30153 -0.0752633 0.996847 -0.0251315 106.271 -0.00860486 0.0245527 0.999662 3.71942
0.978718 0.204963 0.0100823 4.42527 -0.204666 0.978518 -0.0248074 108.972 -0.0149503 0.0222159 0.999641 3.80673
0.998123 0.0610374 0.00493344 4.63514 -0.060912 0.99789 -0.0224821 110.79 -0.00629528 0.0221394 0.999735 3.86512
0.998377 0.0566061 0.00630909 4.72383 -0.0564821 0.998235 -0.018356 114.594 -0.00733701 0.0179698 0.999812 3.98458
0.992074 0.125391 0.00816587 4.71353 -0.125191 0.991897 -0.021603 118.079 -0.0108085 0.0204094 0.999733 4.08252
0.991728 0.128059 0.00880353 4.9627 -0.127842 0.991553 -0.0218673 121.991 -0.0115295 0.020561 0.999722 4.19883
0.993071 0.11681 0.0128363 5.09116 -0.116614 0.993063 -0.0150714 126.007 -0.0145077 0.0134701 0.999804 4.30128
0.999364 0.0323408 0.0150189 5.25432 -0.0321776 0.999422 -0.0109827 128.361 -0.0153654 0.0104924 0.999827 4.36514
0.999737 0.0195357 0.0119707 5.21563 -0.0197467 0.999647 0.017774 130.48 -0.0116193 -0.0180058 0.99977 4.42048
0.989907 -0.140964 0.0145763 5.24052 0.141087 0.989966 -0.00781535 130.98 -0.0133284 0.00979301 0.999863 4.42861
0.969643 -0.24422 0.0122019 4.60061 0.244293 0.969689 -0.00491519 133.325 -0.0106317 0.00774683 0.999913 4.45364
0.931991 -0.362371 0.0089783 4.2116 0.362403 0.932019 -0.00216109 134.677 -0.00758483 0.00526788 0.999957 4.46875
0.944496 -0.328351 0.010637 2.64562 0.328344 0.944555 0.00245924 138.311 -0.0108548 0.00116986 0.99994 4.51937
0.87265 -0.488265 0.0089379 2.44051 0.488283 0.872686 0.000192514 138.916 -0.00789398 0.00419623 0.99996 4.52954
0.810705 -0.58542 0.00630313 1.34976 0.585363 0.810722 0.00891949 140.532 -0.0103317 -0.00354146 0.99994 4.54882
0.686363 -0.727246 0.00437416 1.12517 0.727208 0.686373 0.00782081 140.91 -0.00868996 -0.00218699 0.99996 4.54927
0.670191 -0.742178 0.00397928 0.124585 0.742123 0.670193 0.00970574 141.678 -0.00987027 -0.00355158 0.999945 4.55012
0.607283 -0.794486 0.000373279 -1.30247 0.794405 0.607227 0.0139927 142.897 -0.0113436 -0.00820098 0.999902 4.5554
0.472483 -0.88134 -0.000123559 -1.9283 0.881272 0.472445 0.0124515 143.334 -0.0109157 -0.00599203 0.999922 4.55301
0.419812 -0.9076 -0.00441341 -4.20875 0.907483 0.419666 0.0188589 144.488 -0.0152641 -0.0119223 0.999812 4.5539
0.303102 -0.952951 -0.00374894 -5.9944 0.952795 0.302975 0.0197138 145.214 -0.0176504 -0.00954726 0.999799 4.54557
0.216613 -0.976234 -0.00679334 -9.04691 0.976106 0.216452 0.0191156 146.011 -0.0171908 -0.0107717 0.999794 4.53054
0.055187 -0.998394 -0.0128036 -10.5801 0.998391 0.0550108 0.0137243 146.235 -0.012998 -0.0135404 0.999824 4.51456
0.145027 -0.989343 -0.0129793 -12.6368 0.989254 0.144743 0.0206338 146.257 -0.0185353 -0.0158322 0.999703 4.51585
0.202719 -0.979178 -0.0107171 -15.8335 0.979095 0.202491 0.0192315 146.672 -0.0166609 -0.0143917 0.999758 4.50279
0.0586113 -0.998161 -0.0154895 -18.0338 0.998142 0.0583376 0.0175679 146.88 -0.016632 -0.0164904 0.999726 4.48314
0.11688 -0.993104 -0.00919598 -23.0508 0.99311 0.116792 0.00958847 147.027 -0.00844833 -0.0102533 0.999912 4.41779
0.252659 -0.967487 -0.0115225 -27.2488 0.967463 0.252453 0.0168199 147.527 -0.0133641 -0.0153973 0.999792 4.40065
0.100809 -0.994787 -0.0154015 -29.0818 0.994795 0.100555 0.0164948 147.916 -0.0148601 -0.0169842 0.999745 4.38247
0.192605 -0.981167 -0.0146659 -31.1126 0.981168 0.19234 0.0177325 147.995 -0.0145777 -0.0178051 0.999735 4.36061
0.159677 -0.987102 -0.0115139 -34.2792 0.987075 0.15949 0.0157028 148.469 -0.0136639 -0.0138724 0.99981 4.33416
0.133759 -0.990955 -0.0107703 -35.8784 0.990972 0.133645 0.0106785 148.54 -0.00914256 -0.0121014 0.999885 4.31905
0.34375 -0.93903 -0.00764331 -36.3013 0.939039 0.343675 0.0096354 148.501 -0.00642112 -0.0104895 0.999924 4.30958
0.506084 -0.862477 -0.00365412 -36.6007 0.862465 0.506039 0.0088661 148.509 -0.00579768 -0.00763854 0.999954 4.31234
0.650355 -0.759629 -0.00129777 -37.0736 0.7596 0.650313 0.0100724 148.663 -0.00680731 -0.0075364 0.999948 4.3139
0.500279 -0.865834 -0.00717301 -37.7922 0.865836 0.50018 0.0121158 149.214 -0.00690247 -0.0122719 0.999901 4.31093
0.304933 -0.95227 -0.0140724 -38.1797 0.952339 0.304762 0.013059 149.484 -0.00814692 -0.0173838 0.999816 4.31378
0.112958 -0.993437 -0.0179994 -38.5804 0.993556 0.112764 0.011471 149.677 -0.00936605 -0.0191792 0.999772 4.30567
0.0128466 -0.999777 -0.0167653 -39.9037 0.999863 0.0126687 0.0106787 149.715 -0.0104639 -0.0169001 0.999802 4.29009
0.151996 -0.98826 -0.0154448 -42.0451 0.988307 0.151775 0.0145838 149.663 -0.0120685 -0.0174808 0.999774 4.2765
0.110531 -0.993771 -0.0142227 -44.3934 0.993624 0.110172 0.0239646 149.967 -0.0222484 -0.0167808 0.999612 4.2531
0.0975895 -0.995099 -0.0159316 -46.2322 0.994951 0.0971728 0.025116 150.005 -0.0234448 -0.0183022 0.999558 4.23125
0.189486 -0.981807 -0.012208 -50.8071 0.981587 0.189109 0.0269205 150.433 -0.0241221 -0.0170843 0.999563 4.18183
0.197316 -0.980279 -0.010956 -53.205 0.979946 0.196908 0.0305351 150.749 -0.0277756 -0.0167614 0.999474 4.17007
0.334187 -0.942454 -0.00996834 -56.8232 0.942117 0.333725 0.0323045 151.424 -0.0271189 -0.0201871 0.999428 4.10891
0.30183 -0.953295 -0.0112729 -60.3124 0.95294 0.301324 0.0332888 152.563 -0.0283373 -0.02079 0.999382 4.06407
0.123353 -0.992265 -0.0139262 -61.0765 0.991907 0.122859 0.0320421 152.77 -0.0300833 -0.017766 0.999389 4.04996
0.223539 -0.974523 -0.0183208 -66.1609 0.974247 0.222826 0.0345235 153.246 -0.0295616 -0.0255663 0.999236 3.98368
0.134054 -0.990731 -0.0219492 -69.2079 0.990468 0.133245 0.0349176 153.745 -0.0316693 -0.0264209 0.999149 3.92162
-0.0382102 -0.998958 -0.0249543 -69.9365 0.998678 -0.0390346 0.0334321 153.827 -0.0343713 -0.0236439 0.999129 3.89727
0.0672309 -0.997514 -0.0211055 -72.765 0.997207 0.0664907 0.0340057 153.622 -0.0325178 -0.0233328 0.999199 3.85217
-0.00298809 -0.999765 -0.0214679 -75.1677 0.999393 -0.00373086 0.0346427 153.722 -0.0347147 -0.0213514 0.999169 3.80972
0.0758757 -0.996912 -0.0202473 -76.6297 0.996579 0.075152 0.034386 153.56 -0.0327582 -0.0227871 0.999204 3.78082
0.192923 -0.981067 -0.0169775 -77.4993 0.980685 0.192222 0.0361519 153.593 -0.032204 -0.0236241 0.999202 3.77546
0.0509558 -0.998461 -0.0218759 -80.4357 0.998015 0.0500967 0.0381708 153.915 -0.0370162 -0.0237775 0.999032 3.72156
0.00951892 -0.999734 -0.0209935 -82.9004 0.999303 0.00875267 0.0362938 153.755 -0.0361004 -0.0213243 0.999121 3.66688
0.167998 -0.985642 -0.0169394 -84.8196 0.985272 0.167329 0.035223 153.698 -0.0318828 -0.0226073 0.999236 3.62405
0.184263 -0.982735 -0.0166842 -88.6594 0.982443 0.18365 0.0328347 154.276 -0.0292038 -0.0224415 0.999322 3.55282
0.147683 -0.988362 -0.0364667 -91.568 0.988765 0.146682 0.0287754 154.574 -0.0230915 -0.0403066 0.99892 3.49516
0.228974 -0.97324 -0.0193476 -95.1778 0.973266 0.228522 0.0230333 154.975 -0.0179956 -0.0241044 0.999547 3.41982
0.237847 -0.971081 -0.0207549 -98.935 0.971028 0.237217 0.0288651 155.76 -0.023107 -0.027019 0.999368 3.34191
0.129416 -0.991291 -0.0243531 -101.236 0.991307 0.128752 0.0270965 156.01 -0.023725 -0.0276481 0.999336 3.2776
0.0938772 -0.995221 -0.0268829 -104.92 0.995341 0.0932232 0.0246274 156.378 -0.0220036 -0.0290696 0.999335 3.17494
0.214356 -0.976561 -0.0194991 -107.91 0.976531 0.213835 0.0257326 156.587 -0.0209598 -0.0245574 0.999479 3.08717
0.262003 -0.964852 -0.0203594 -111.435 0.964858 0.261448 0.0263522 157.31 -0.0201031 -0.0265482 0.999445 3.0113
0.0916766 -0.995433 -0.0266034 -112.233 0.995485 0.0909559 0.0271439 157.472 -0.0246002 -0.0289718 0.999277 2.98541
0.200222 -0.9794 -0.0261895 -116.473 0.979495 0.199488 0.0281795 157.639 -0.0223745 -0.0312947 0.99926 2.87507
0.0874557 -0.995831 -0.0259226 -118.067 0.995842 0.0867318 0.0278469 157.879 -0.0254825 -0.0282502 0.999276 2.83462
0.187248 -0.981951 -0.026637 -122.866 0.98215 0.186655 0.0232795 158.102 -0.0178874 -0.0305205 0.999374 2.70098
0.221644 -0.974916 -0.020308 -125.914 0.974915 0.221113 0.0254742 158.626 -0.0203449 -0.0254448 0.999469 2.61874
0.0557518 -0.998175 -0.0231942 -126.469 0.998182 0.0551895 0.024214 158.729 -0.0228897 -0.024502 0.999438 2.60222
0.0962062 -0.994845 -0.0320448 -131.562 0.995218 0.0955963 0.0200518 158.687 -0.0168851 -0.0338207 0.999285 2.4462
0.0180919 -0.999201 -0.0356422 -135.236 0.999575 0.0172612 0.0234788 158.944 -0.0228448 -0.0360519 0.999089 2.33555
-0.139278 -0.989357 -0.0421131 -136.568 0.989864 -0.140289 0.0220937 158.864 -0.0277666 -0.0386091 0.998869 2.28673
-0.307975 -0.950419 -0.0430595 -137.595 0.950822 -0.309044 0.0207026 158.652 -0.0329835 -0.034566 0.998858 2.24159
-0.431015 -0.901171 -0.0460043 -140.917 0.901574 -0.432194 0.0193273 157.381 -0.0373 -0.033146 0.998754 2.1174
-0.527908 -0.848207 -0.043107 -144.249 0.848381 -0.529019 0.0197203 155.329 -0.0395314 -0.0261606 0.998876 1.98978
-0.578176 -0.813506 -0.0626222 -145.361 0.814472 -0.580011 0.0149267 154.49 -0.0484645 -0.0423738 0.997926 1.92702
-0.591219 -0.804923 -0.0505961 -147.355 0.805478 -0.592473 0.013454 152.862 -0.0408063 -0.0327998 0.998629 1.85613
-0.570497 -0.819505 -0.0542711 -150.429 0.82028 -0.571835 0.0120469 150.523 -0.0409066 -0.0376448 0.998454 1.73859
-0.701826 -0.710145 -0.055977 -151.409 0.710866 -0.703267 0.00924328 149.717 -0.0459308 -0.0333049 0.998389 1.69653
-0.757709 -0.649851 -0.0597597 -154.421 0.650703 -0.759304 0.00653206 146.155 -0.0496207 -0.0339364 0.998191 1.56551
-0.854103 -0.5164 -0.0619539 -155.058 0.517213 -0.85585 0.00335256 145.368 -0.0547545 -0.0291799 0.998073 1.52569
-0.931886 -0.357454 -0.0617725 -155.279 0.358166 -0.933658 -0.000494249 145.016 -0.0574977 -0.0225854 0.99809 1.51054
-0.942658 -0.328378 -0.0596989 -156.242 0.329164 -0.944266 -0.00356184 141.662 -0.055202 -0.0230083 0.99821 1.44765
-0.936044 -0.346358 -0.0621081 -157.205 0.347577 -0.937601 -0.00968297 138.279 -0.0548789 -0.030651 0.998022 1.3941
-0.979296 -0.190063 -0.0696783 -157.639 0.191523 -0.981376 -0.0148531 136.777 -0.0655576 -0.0278906 0.997459 1.32825
-0.981207 -0.183992 -0.0581387 -158.317 0.185786 -0.982217 -0.0270869 131.744 -0.052121 -0.0373793 0.997941 1.19442
-0.997958 -0.0143463 -0.0622413 -158.477 0.0163127 -0.99938 -0.0311996 130.588 -0.0617551 -0.0321512 0.997573 1.14522
-0.990299 -0.125644 -0.059335 -158.415 0.127442 -0.991464 -0.0275388 129.453 -0.0553684 -0.0348335 0.997858 1.12027
-0.951679 -0.301666 -0.0574819 -158.399 0.303267 -0.952667 -0.0213182 128.931 -0.0483301 -0.0377205 0.998119 1.10602
-0.977699 -0.200865 -0.0613002 -158.729 0.202836 -0.978819 -0.0277705 127.683 -0.0544237 -0.0395851 0.997733 1.04774
-0.992842 -0.10444 -0.0579369 -159.081 0.106415 -0.993803 -0.0321266 123.859 -0.0542225 -0.038062 0.997803 0.936123
-0.981519 -0.183136 -0.0555071 -159.535 0.184836 -0.982394 -0.0271669 118.85 -0.0495546 -0.0369245 0.998089 0.757088
-0.986528 -0.152945 -0.05806 -160.164 0.154774 -0.987541 -0.0284059 114.089 -0.0529922 -0.0370094 0.997909 0.594212
-0.98024 -0.189166 -0.0578348 -160.278 0.190921 -0.981249 -0.0264345 112.053 -0.0517499 -0.036954 0.997976 0.524876
-0.937425 -0.342877 -0.0605791 -160.414 0.344861 -0.938301 -0.0257327 111.131 -0.0480183 -0.0450139 0.997832 0.495189
-0.97618 -0.208276 -0.0607731 -160.805 0.210364 -0.977156 -0.030204 109.794 -0.053094 -0.042269 0.997695 0.426878
-0.994831 -0.0818456 -0.060105 -161.156 0.0839889 -0.995885 -0.0340398 107.165 -0.0570717 -0.038912 0.997611 0.324483
-0.981056 -0.185464 -0.0559646 -161.472 0.187603 -0.981595 -0.0357179 102.336 -0.0483103 -0.0455404 0.997794 0.130354
-0.989267 -0.135244 -0.0553228 -162.048 0.137284 -0.989917 -0.0348885 98.5887 -0.0500465 -0.042109 0.997859 -0.0387285
-0.998023 -0.0269182 -0.0567902 -162.078 0.0293847 -0.998641 -0.0430519 97.237 -0.0555542 -0.0446356 0.997457 -0.0980246
-0.981609 -0.182494 -0.0560328 -162.085 0.184845 -0.98195 -0.0400733 95.724 -0.0477083 -0.0496937 0.997624 -0.16027
-0.987092 -0.150465 -0.0548644 -162.473 0.152723 -0.987477 -0.0395555 93.1075 -0.0482256 -0.047424 0.99771 -0.279263
-0.990487 -0.127199 -0.0525005 -162.732 0.129218 -0.990925 -0.0370195 88.9437 -0.0473153 -0.0434513 0.997934 -0.441008
-0.983541 -0.171657 -0.056401 -163.156 0.173827 -0.984115 -0.0360774 85.771 -0.0493122 -0.0452876 0.997756 -0.582837
-0.991611 -0.116477 -0.0560403 -163.477 0.118836 -0.992076 -0.0407841 81.4267 -0.0508458 -0.0471016 0.997595 -0.778668
-0.996891 -0.0541255 -0.0572611 -163.667 0.0567526 -0.99736 -0.0452946 76.3783 -0.0546584 -0.0484035 0.997331 -0.995953
-0.979572 -0.193477 -0.0548187 -163.683 0.195639 -0.979968 -0.0372467 74.357 -0.0465142 -0.0472105 0.997801 -1.08857
-0.967149 -0.248398 -0.0540473 -164.109 0.250689 -0.967211 -0.040709 72.162 -0.0421631 -0.0529207 0.997708 -1.18582
-0.993378 -0.10131 -0.0541833 -164.605 0.103683 -0.993684 -0.0429163 69.4692 -0.0494932 -0.04825 0.997608 -1.32341
-0.992555 -0.106893 -0.0583848 -164.666 0.109432 -0.9931 -0.0421638 64.9458 -0.0534749 -0.0482391 0.997403 -1.52768
-0.980899 -0.184092 -0.0628289 -165.052 0.185837 -0.982309 -0.0231145 60.868 -0.0574622 -0.034349 0.997757 -1.70623
-0.978109 -0.198644 -0.0619965 -165.23 0.202119 -0.977763 -0.0559305 59.5192 -0.0495077 -0.0672367 0.996508 -1.77857
-0.975985 -0.211248 -0.0531732 -165.988 0.213453 -0.97614 -0.0398491 54.7817 -0.0434864 -0.0502421 0.99779 -2.02081
-0.986607 -0.15563 -0.0488448 -166.401 0.157526 -0.986794 -0.0377109 51.889 -0.0423308 -0.0449002 0.998094 -2.16322
-0.998816 0.00536218 -0.0483515 -166.541 -0.00325866 -0.999049 -0.043479 50.5468 -0.0485387 -0.04327 0.997884 -2.21276
-0.99153 -0.118999 -0.0520287 -166.443 0.121102 -0.99186 -0.0393356 47.7845 -0.0469243 -0.0453032 0.997871 -2.33086
-0.967029 -0.249505 -0.0510136 -166.692 0.251359 -0.967303 -0.0338177 45.7702 -0.0409079 -0.0455254 0.998125 -2.42117
-0.993012 -0.105963 -0.0519503 -167.131 0.108012 -0.99341 -0.0383456 43.0169 -0.0475447 -0.0436889 0.997913 -2.53658
-0.994207 -0.0944637 -0.0512823 -167.151 0.0965943 -0.994488 -0.0407873 40.7264 -0.0471467 -0.0455046 0.997851 -2.63254
-0.993291 -0.1036 -0.0513815 -167.3 0.105592 -0.993695 -0.0376919 37.7974 -0.0471527 -0.0428645 0.997968 -2.76646
-0.989805 -0.130241 -0.0576455 -167.365 0.132636 -0.990363 -0.0398676 36.5727 -0.0518976 -0.047107 0.997541 -2.79315
-0.987846 -0.147892 -0.0478329 -167.469 0.149722 -0.988026 -0.0372528 35.2767 -0.0417508 -0.0439617 0.99816 -2.89332
-0.988381 -0.140673 -0.0575741 -167.962 0.143851 -0.98805 -0.0553523 30.2373 -0.0490995 -0.0629912 0.996806 -3.14273
-0.996096 -0.0293533 -0.0832502 -168.434 0.0338088 -0.998042 -0.0526249 26.0264 -0.0815424 -0.0552341 0.995138 -3.42532
-0.990682 0.107986 -0.0829924 -168.279 -0.10405 -0.993295 -0.0503883 24.2725 -0.0878771 -0.0412835 0.995275 -3.50799
-0.981759 0.172033 -0.0809503 -167.603 -0.170591 -0.985038 -0.02446 19.5543 -0.0839471 -0.0102045 0.996418 -3.63706
-0.931744 0.353849 -0.0815132 -167.552 -0.352695 -0.9353 -0.0286357 19.0998 -0.086372 0.00206814 0.996261 -3.64627
-0.860577 0.503115 -0.0792644 -167.391 -0.502116 -0.86415 -0.0335233 18.6138 -0.0853624 0.0109506 0.99629 -3.64916
-0.7505 0.656214 -0.0783131 -166.759 -0.65486 -0.75438 -0.0454822 17.6147 -0.0889239 0.0171498 0.995891 -3.60881
-0.622183 0.779318 -0.0745043 -166.241 -0.778591 -0.625911 -0.0450704 17.0603 -0.0817573 0.0299663 0.996202 -3.61248
-0.735181 0.673326 -0.0783667 -165.499 -0.67254 -0.738979 -0.0400072 16.547 -0.0848492 0.0232922 0.996122 -3.59535
-0.831717 0.549951 -0.0761601 -163.683 -0.548798 -0.835127 -0.0372036 14.6141 -0.0840635 0.0108537 0.996401 -3.53424
-0.911221 0.404862 -0.0759079 -163.144 -0.403719 -0.914373 -0.0305379 13.9745 -0.0817718 0.00281864 0.996647 -3.53006
-0.970505 0.229149 -0.0749102 -162.859 -0.227618 -0.973333 -0.0285006 13.516 -0.0794435 -0.0106091 0.996783 -3.52253
-0.947081 0.312762 -0.0722343 -162.495 -0.310935 -0.949765 -0.0355791 12.1012 -0.0797334 -0.0112362 0.996753 -3.53372
-0.874425 0.48 -0.0705799 -162.427 -0.478491 -0.877268 -0.0380326 11.7557 -0.0801732 0.000515186 0.996781 -3.54209
-0.779558 0.622273 -0.0711729 -162.322 -0.621059 -0.782702 -0.0407797 11.4501 -0.0810832 0.0124124 0.99663 -3.54711
-0.635241 0.769351 -0.0675938 -162.116 -0.768468 -0.638375 -0.0439706 11.1081 -0.076979 0.0240118 0.996744 -3.54209
-0.494053 0.867293 -0.0609529 -161.901 -0.866452 -0.496948 -0.048007 10.8634 -0.0719265 0.0290947 0.996985 -3.53793
-0.326989 0.943658 -0.0508629 -161.606 -0.942709 -0.329482 -0.0523554 10.6469 -0.066164 0.0308293 0.997332 -3.52435
-0.143223 0.98907 -0.0350498 -161.256 -0.987373 -0.14522 -0.0632913 10.4653 -0.0676894 0.0255425 0.997379 -3.52296
0.0491065 0.998425 -0.0271247 -160.68 -0.997018 0.0473825 -0.06091 10.3721 -0.0595289 0.0300349 0.997775 -3.49977
0.176232 0.984015 -0.0256351 -158.123 -0.983222 0.174724 -0.0524066 10.6694 -0.0470898 0.0344407 0.998297 -3.42247
0.33439 0.942223 -0.0199786 -156.44 -0.941362 0.332923 -0.0547693 11.034 -0.0449535 0.0371213 0.998299 -3.36112
0.366913 0.930117 -0.0160478 -151.833 -0.929226 0.365642 -0.0533328 13.1348 -0.043738 0.0344806 0.998448 -3.19323
0.215865 0.976199 -0.0209277 -149.271 -0.975207 0.214478 -0.0545051 14.1964 -0.0487192 0.0321746 0.998294 -3.10831
0.0521868 0.998374 -0.0229122 -148.178 -0.997301 0.0509166 -0.0528997 14.4847 -0.0516471 0.025611 0.998337 -3.0697
-0.126867 0.991536 -0.0275919 -147.133 -0.9904 -0.128163 -0.0517903 14.6032 -0.0548882 0.0207566 0.998277 -3.03808
-0.317677 0.947555 -0.0349444 -146.696 -0.946408 -0.319126 -0.0497104 14.6449 -0.058255 0.0172798 0.998152 -3.03271
-0.472013 0.880757 -0.0383579 -145.183 -0.879315 -0.473473 -0.0512656 14.1631 -0.0633139 0.00953063 0.997948 -3.00686
-0.348965 0.936481 -0.0350102 -142.963 -0.934946 -0.350459 -0.0552609 13.1599 -0.0640205 0.0134485 0.997858 -2.9779
-0.238009 0.970671 -0.0338957 -139.263 -0.969295 -0.239603 -0.0552902 12.3712 -0.0617902 0.0196954 0.997895 -2.91955
-0.261514 0.964576 -0.0346997 -134.319 -0.963351 -0.263068 -0.0524309 11.3089 -0.059702 0.0197165 0.998022 -2.8393
-0.190678 0.981117 -0.032436 -129.324 -0.979952 -0.192188 -0.0525169 10.5737 -0.057759 0.021772 0.998093 -2.7279
-0.152968 0.987841 -0.02778 -124.354 -0.986676 -0.154243 -0.0517549 9.92533 -0.0554104 0.0194931 0.998273 -2.63326
-0.177749 0.983586 -0.0310327 -119.346 -0.982509 -0.179156 -0.0507789 9.33356 -0.0555051 0.021464 0.998228 -2.53611
-0.124628 0.991723 -0.0308851 -114.344 -0.990846 -0.126025 -0.048396 8.61527 -0.0518877 0.0245709 0.998351 -2.43287
-0.237475 0.970787 -0.0343242 -109.332 -0.969817 -0.238953 -0.0485325 8.05105 -0.0553166 0.0217629 0.998232 -2.33315
-0.115749 0.992788 -0.0312253 -106.525 -0.991836 -0.117217 -0.0502232 7.55617 -0.0535211 0.0251571 0.99825 -2.27415
-0.188032 0.981733 -0.0290733 -103.412 -0.980694 -0.189287 -0.0490941 7.36148 -0.0537005 0.0192808 0.998371 -2.20988
-0.112889 0.993127 -0.0308889 -100.714 -0.992098 -0.114376 -0.0515628 6.93466 -0.0547414 0.024824 0.998192 -2.16338
0.0607082 0.997804 -0.0265031 -99.2811 -0.99686 0.0592554 -0.0525323 6.92462 -0.0508465 0.029609 0.998267 -2.12938
0.260796 0.965185 -0.0200836 -98.7024 -0.964343 0.259486 -0.0520587 6.9413 -0.0450349 0.0329442 0.998442 -2.11642
0.354351 0.934982 -0.0156418 -97.434 -0.934098 0.353138 -0.0524891 7.40494 -0.0435527 0.0332106 0.998499 -2.07644
0.305627 0.952064 -0.0128655 -93.1156 -0.951414 0.304831 -0.0434584 9.11607 -0.0374534 0.0255225 0.998972 -1.95847
0.193621 0.980872 -0.0200359 -90.0082 -0.980893 0.193149 -0.0233018 10.2801 -0.0189861 0.0241648 0.999528 -1.85983
-0.0190881 0.999474 -0.0262282 -89.5926 -0.999475 -0.0197622 -0.0256873 10.4473 -0.0261921 0.0257241 0.999326 -1.85133
-0.207218 0.977757 -0.0324345 -89.2886 -0.977873 -0.207988 -0.0224941 10.5419 -0.0287398 0.0270557 0.999221 -1.84238
-0.376269 0.92581 -0.0360318 -88.9834 -0.925895 -0.377152 -0.0218004 10.5923 -0.0337725 0.0251588 0.999113 -1.83496
-0.568943 0.821404 -0.0399965 -88.6034 -0.821536 -0.569888 -0.017515 10.5601 -0.0371804 0.0228935 0.999046 -1.82189
-0.701847 0.711213 -0.0398335 -87.8468 -0.711236 -0.70277 -0.0160716 10.132 -0.0394241 0.0170512 0.999077 -1.79603
-0.762598 0.645105 -0.0477819 -86.0989 -0.64387 -0.764094 -0.0399006 8.47042 -0.06225 0.000337218 0.998061 -1.78945
-0.653813 0.755568 -0.040561 -85.0349 -0.754313 -0.655067 -0.0435863 7.40606 -0.0595026 0.00209837 0.998226 -1.78692
-0.518917 0.85398 -0.0379861 -84.3066 -0.852883 -0.520221 -0.0442784 6.90021 -0.057574 0.00942086 0.998297 -1.7808
-0.358016 0.933082 -0.0343816 -81.5852 -0.932054 -0.359333 -0.0464314 5.45531 -0.0556787 0.0154223 0.99833 -1.75429
-0.214521 0.97624 -0.0305993 -79.3766 -0.975264 -0.215806 -0.0478294 4.93596 -0.0532965 0.019582 0.998387 -1.71813
-0.344684 0.938248 -0.0297083 -74.8185 -0.937114 -0.345772 -0.0475216 4.06957 -0.0548594 0.0114601 0.998428 -1.64751
-0.493969 0.868835 -0.0334662 -73.6306 -0.867501 -0.495075 -0.0484015 3.66769 -0.0586212 0.00512307 0.998267 -1.64009
-0.447497 0.893596 -0.035115 -71.9126 -0.892267 -0.44878 -0.0495548 2.76007 -0.0600409 0.00915631 0.998154 -1.63845
-0.266825 0.963234 -0.0313742 -70.9965 -0.962023 -0.268152 -0.0510511 2.36247 -0.0575872 0.016561 0.998203 -1.62306
-0.098888 0.994673 -0.0290973 -70.4269 -0.993656 -0.100276 -0.0509182 2.21459 -0.0535648 0.0238775 0.998279 -1.61143
-0.197412 0.979725 -0.0341693 -67.8213 -0.978689 -0.198974 -0.0507753 2.04686 -0.0565446 0.0234174 0.998125 -1.56772
-0.125132 0.991641 -0.0314693 -65.2932 -0.990481 -0.126693 -0.05381 1.64671 -0.0573471 0.0244364 0.998055 -1.50557
-0.0763135 0.996612 -0.030678 -60.2914 -0.99546 -0.0779086 -0.0546843 1.33151 -0.0568891 0.0263655 0.998032 -1.40996
-0.105527 0.993923 -0.0313165 -55.2902 -0.992908 -0.107048 -0.0517075 1.11604 -0.0547457 0.0256379 0.998171 -1.27908
-0.0459491 0.99852 -0.0290968 -50.2363 -0.997568 -0.0473948 -0.0511134 1.07038 -0.0524168 0.0266775 0.998269 -1.16956
-0.124011 0.991882 -0.028135 -45.172 -0.990745 -0.125346 -0.052079 0.827769 -0.0551828 0.0214163 0.998247 -1.05878
-0.0521064 0.998022 -0.0351847 -40.1748 -0.997341 -0.0538037 -0.0491507 0.743013 -0.0509465 0.0325301 0.998171 -0.938985
-0.039017 0.99884 -0.0282165 -35.0974 -0.998059 -0.0403272 -0.0474611 0.773714 -0.048544 0.0263099 0.998474 -0.794625
0.0662439 0.997452 -0.026484 -30.985 -0.996633 0.0648579 -0.0501539 0.739133 -0.0483084 0.0297172 0.99839 -0.682646
0.011302 0.999545 -0.0279718 -29.5418 -0.998616 0.00984555 -0.0516695 0.927756 -0.0513706 0.0285171 0.998272 -0.633129
-0.0436453 0.998618 -0.0292707 -26.2005 -0.997508 -0.045185 -0.0541823 1.0226 -0.0554301 0.026833 0.998102 -0.543622
-0.0238182 0.99934 -0.0274332 -21.1548 -0.998529 -0.0251181 -0.0480552 1.19599 -0.0487126 0.0262482 0.998468 -0.428542
-0.0737162 0.996863 -0.0288255 -16.0979 -0.996093 -0.075007 -0.0466069 1.21874 -0.0486227 0.0252772 0.998497 -0.305943
-0.136781 0.990115 -0.0310396 -11.0986 -0.989344 -0.138119 -0.0460682 0.967168 -0.0498999 0.0244076 0.998456 -0.193378
-0.326783 0.944382 -0.0368237 -10.1859 -0.943556 -0.328227 -0.044366 0.928753 -0.053985 0.0202471 0.998336 -0.176085
-0.491173 0.870159 -0.0396495 -9.41212 -0.869215 -0.492586 -0.0427071 0.755619 -0.0566928 0.0134873 0.998301 -0.149408
-0.62793 0.777015 -0.0441845 -7.97156 -0.776022 -0.629418 -0.0402798 0.0273932 -0.0591085 0.00899523 0.998211 -0.131274
-0.771647 0.634518 -0.0441349 -7.09874 -0.633571 -0.772907 -0.0346618 -0.570258 -0.0561057 0.00121591 0.998424 -0.128715
-0.876684 0.478799 -0.0466527 -6.82097 -0.47784 -0.877913 -0.0306346 -0.764782 -0.0556248 -0.00456431 0.998441 -0.126528
-0.94774 0.315458 -0.0476963 -6.5901 -0.314611 -0.948904 -0.0245198 -0.980514 -0.0529941 -0.00823263 0.998561 -0.126471
-0.985469 0.163106 -0.047395 -6.16504 -0.16228 -0.986525 -0.020806 -2.00784 -0.0501499 -0.0128124 0.99866 -0.127071
-0.96191 0.269513 -0.0457381 -5.85763 -0.268295 -0.962836 -0.0310646 -3.5646 -0.0524106 -0.0176101 0.99847 -0.152121
-0.90132 0.43075 -0.0455761 -5.79683 -0.429484 -0.90239 -0.0351447 -3.92005 -0.056266 -0.0121024 0.998342 -0.153399
-0.796378 0.603378 -0.0414332 -5.67621 -0.602233 -0.797441 -0.037463 -4.28549 -0.0556448 -0.00488223 0.998439 -0.159797
-0.660853 0.749476 -0.0394922 -5.50268 -0.748437 -0.662023 -0.0395993 -4.58808 -0.0558235 0.0033881 0.998435 -0.165365
-0.507181 0.861108 -0.0355025 -5.27665 -0.860275 -0.508312 -0.0393207 -4.86289 -0.0519057 0.0105992 0.998596 -0.18558
-0.323919 0.945441 -0.0348817 -4.96597 -0.944791 -0.325184 -0.040318 -5.10708 -0.0494613 0.0198961 0.998578 -0.184046
-0.166249 0.98567 -0.0285771 -4.68902 -0.984807 -0.167439 -0.0460342 -5.24933 -0.0501594 0.0204897 0.998531 -0.170063
0.00264831 0.999759 -0.0217778 -4.35589 -0.998885 0.00161834 -0.047177 -5.35794 -0.0471304 0.0218785 0.998649 -0.166912
0.17952 0.983651 -0.0142271 -4.00439 -0.982682 0.17863 -0.0492643 -5.40483 -0.0459175 0.0228246 0.998684 -0.157677
0.337982 0.941125 -0.00717117 -3.59858 -0.940264 0.337322 -0.046003 -5.38727 -0.0408756 0.022291 0.998916 -0.147375
0.416515 0.909123 0.00335517 -1.96375 -0.907859 0.416125 -0.0513012 -4.59443 -0.0480353 0.0183217 0.998678 -0.116464
0.540573 0.841297 0.00101701 -1.51218 -0.840206 0.539933 -0.0502624 -4.40848 -0.0428347 0.026316 0.998736 -0.112652
0.701388 0.712751 0.00637846 -1.17644 -0.711521 0.700653 -0.0531287 -4.24084 -0.0423366 0.0327254 0.998567 -0.10082
0.810267 0.585958 0.0109996 -0.926719 -0.584791 0.809604 -0.0506085 -4.05528 -0.0385597 0.0345739 0.998658 -0.0953429
0.910891 0.412523 0.0101114 -0.652159 -0.411686 0.910169 -0.0459107 -3.75874 -0.0281423 0.0376569 0.998894 -0.0975438
0.965751 0.25924 0.0109657 -0.317503 -0.258598 0.965104 -0.0412487 -3.02172 -0.0212763 0.0370003 0.999089 -0.0730389
0.997137 0.074872 0.0105935 -0.201079 -0.0744667 0.996625 -0.0345338 -2.60759 -0.0131433 0.033646 0.999347 -0.0661623
0.990315 0.13838 0.0112748 -0.210308 -0.137841 0.989671 -0.0393953 -2.09934 -0.0166098 0.0374597 0.99916 -0.0407218
0.984445 0.175517 0.0078473 -0.178306 -0.175138 0.983906 -0.0354474 -1.56991 -0.0139426 0.0335216 0.999341 -0.0374558
0.999379 0.034471 0.00724804 -0.069984 -0.0342663 0.999056 -0.0266904 -0.781178 -0.00816125 0.0264255 0.999617 -0.0118641
0.999431 -0.0319871 0.0107341 -0.122037 0.0321419 0.999377 -0.0145697 0.0760934 -0.0102613 0.0149065 0.999836 -0.00808382
